# IEPeakWatcher results
# trajectories: 2

[trajectory 1]
fields: 2952.5 2952.75 2953.0 2953.25 2953.5 2953.75 2954.0 2954.25 2954.5 2954.75 2955.0 2955.25 2955.5 2955.75 2956.0 2956.25 2956.5 2956.75 2957.0 2957.25 2957.5 2957.75 2958.0 2958.25 2958.5 2958.75 2959.0 2959.25 2959.5 2959.75 2960.0 2960.25 2960.5 2960.75 2961.0 2961.25 2961.5 2961.75 2962.0 2962.25 2962.5 2962.75 2963.0 2963.25 2963.5 2963.75 2964.0 2964.25 2964.5 2964.75 2965.0 2965.25 2965.5 2965.75 2966.0 2966.25 2966.5 2966.75 2967.0 2967.25 2967.5 2967.75 2968.0 2968.25 2968.5 2968.75 2969.0 2969.25 2969.5 2969.75 2970.0 2970.25 2970.5 2970.75 2971.0 2971.25 2971.5 2971.75 2972.0 2972.25 2972.5 2972.75 2973.0 2973.25 2973.5 2973.75 2974.0 2974.25 2974.5 2974.75 2975.0 2975.25 2975.5 2975.75 2976.0 2976.25 2976.5 2976.75 2977.0 2977.25 2977.5 2977.75 2978.0 2978.25 2978.5 2978.75 2979.0 2979.25 2979.5 2979.75 2980.0 2980.25 2980.5 2980.75 2981.0 2981.25 2981.5 2981.75 2982.0 2982.25 2982.5 2982.75 2983.0 2983.25 2983.5 2983.75 2984.0 2984.25 2984.5 2984.75 2985.0 2985.25 2985.5 2985.75 2986.0 2986.25 2986.5 2986.75 2987.0 2987.25 2987.5 2987.75 2988.0 2988.25 2988.5 2988.75 2989.0 2989.25 2989.5 2989.75 2990.0 2990.25 2990.5 2990.75 2991.0 2991.25 2991.5 2991.75 2992.0 2992.25 2992.5 2992.75 2993.0 2993.25 2993.5 2993.75 2994.0 2994.25 2994.5 2994.75 2995.0 2995.25 2995.5 2995.75 2996.0 2996.25 2996.5 2996.75 2997.0 2997.25 2997.5 2997.75 2998.0 2998.25 2998.5 2998.75 2999.0 2999.25 2999.5 2999.75 3000.0 3000.25 3000.5 3000.75 3001.0 3001.25 3001.5 3001.75 3002.0 3002.25 3002.5 3002.75 3003.0 3003.25 3003.5 3003.75 3004.0 3004.25 3004.5 3004.75 3005.0 3005.25 3005.5 3005.75 3006.0 3006.25 3006.5 3006.75 3007.0 3007.25 3007.5 3007.75 3008.0 3008.25 3008.5 3008.75 3009.0 3009.25 3009.5 3009.75 3010.0 3010.25 3010.5 3010.75 3011.0 3011.25 3011.5 3011.75 3012.0 3012.25 3012.5 3012.75 3013.0 3013.25 3013.5 3013.75 3014.0 3014.25 3014.5 3014.75 3015.0 3015.25 3015.5
freq: 3.731777 3.731927 3.732827 3.733727 3.731477 3.731477 3.730577 3.730127 3.730127 3.729227 3.730577 3.729827 3.729227 3.729677 3.729227 3.730127 3.729227 3.729227 3.729377 3.729227 3.729827 3.730127 3.729227 3.729227 3.729827 3.729227 3.728327 3.728027 3.728177 3.729227 3.729227 3.729227 3.728327 3.728177 3.728177 3.728027 3.729227 3.729227 3.728027 3.728927 3.728327 3.728927 3.729227 3.729677 3.725327 3.726377 3.726527 3.726977 3.728027 3.728627 3.729377 3.729227 3.730127 3.730577 3.730127 3.730577 3.730127 3.728327 3.728177 3.729227 3.729227 3.728327 3.728477 3.728027 3.728027 3.728027 3.728027 3.729227 3.728027 3.728627 3.728027 3.729377 3.729227 3.728027 3.729227 3.729227 3.728027 3.729227 3.730127 3.729227 3.729227 3.730127 3.729827 3.730127 3.730577 3.729227 3.730127 3.730127 3.730577 3.730577 3.730577 3.730127 3.730577 3.730577 3.730577 3.732077 3.731477 3.731477 3.732077 3.732677 3.732827 3.732977 3.733877 3.733877 3.734777 3.733877 3.735526 3.735526 3.736126 3.736126 3.743626 3.751125 3.738076 3.739426 3.739276 3.739576 3.739726 3.741526 3.742126 3.741526 3.742876 3.743326 3.744376 3.744376 3.744976 3.746325 3.746775 3.747675 3.747075 3.748875 3.749925 3.750075 3.749925 3.750675 3.752325 3.753375 3.753675 3.753675 3.755324 3.755924 3.756224 3.756224 3.757574 3.757574 3.759974 3.760724 3.761024 3.760724 3.761774 3.763424 3.763424 3.764474 3.765223 3.765973 3.767323 3.765973 3.768223 3.768223 3.768223 3.768223 3.769573 3.769723 3.770773 3.771223 3.771673 3.772723 3.772723 3.774073 3.774073 3.774073 3.775572 3.776322 3.776772 3.776772 3.779172 3.777972 3.778572 3.778572 3.779472 3.779772 3.780372 3.780972 3.781272 3.782172 3.783072 3.783972 3.785021 3.786071 3.787121 3.788171 3.789221 3.790271 3.791321 3.792221 3.793271 3.794321 3.79537 3.79642 3.79747 3.79852 3.79957 3.80032 3.80137 3.80242 3.80347 3.80437 3.805419 3.806469 3.807219 3.807819 3.808719 3.808269 3.808269 3.808419 3.808419 3.808419 3.808419 3.808419 3.808419 3.808419 3.808419 3.808419 3.808419 3.808569 3.808719 3.808869 3.809019 3.809169 3.809319 3.809169 3.809019 3.808869 3.808719 3.808719 3.808719 3.808719 3.808719 3.808719 3.808719 3.808719 3.808719 3.808719 3.808719 3.808719 3.808719 3.808719 3.808719 3.808719 3.808719 3.808719 3.808869 3.808869 3.808719
magnitude: -16.26054 -16.264105 -16.031395 -15.865633 -15.678519 -15.567001 -15.5597 -15.488461 -15.424977 -15.390765 -15.387224 -15.365297 -15.328557 -15.302812 -15.293715 -15.280541 -15.268735 -15.261924 -15.234375 -15.234695 -15.219579 -15.194523 -15.180326 -15.183022 -15.17364 -15.16537 -15.146572 -15.143241 -15.14663 -15.127244 -15.129289 -15.112048 -15.101014 -15.104999 -15.098501 -15.095435 -15.078062 -15.076488 -15.069381 -15.06406 -15.051948 -15.033884 -15.033541 -15.020073 -15.012488 -15.06109 -15.083619 -15.125237 -15.155993 -15.136666 -15.105914 -15.109758 -15.087927 -15.025211 -14.985162 -14.978703 -14.960405 -14.94597 -14.918029 -14.905854 -14.896735 -14.883887 -14.86624 -14.849415 -14.840972 -14.829006 -14.808274 -14.792688 -14.775657 -14.766395 -14.742045 -14.723879 -14.701319 -14.70219 -14.687434 -14.652227 -14.609234 -14.580014 -14.574979 -14.556914 -14.506182 -14.477 -14.430356 -14.432521 -14.383739 -14.354739 -14.315669 -14.294692 -14.239345 -14.188261 -14.127903 -14.059871 -14.053352 -13.972711 -13.896993 -13.781329 -13.791196 -13.697742 -13.593079 -13.455667 -13.346892 -13.31928 -13.204896 -13.066029 -12.90103 -12.871965 -12.730206 -12.602537 -12.410275 -12.210967 11.201377 9.488771 -11.804083 -11.586015 -11.593969 -11.429151 -11.23817 -10.985086 -10.763226 -10.787986 -10.563424 -10.355035 -10.137527 -10.138849 -9.963964 -9.739313 -9.555616 -9.356811 -9.337784 -9.162421 -8.964794 -8.790552 -8.811551 -8.671992 -8.500397 -8.329265 -8.213892 -8.198755 -8.043087 -7.92271 -7.837074 -7.835969 -7.720892 -7.622366 -7.525643 -7.451827 -7.438276 -7.355203 -7.270737 -7.201883 -7.178868 -7.114559 -7.045881 -6.967433 -6.898955 -6.89422 -6.83046 -6.781631 -6.706905 -6.702183 -6.632608 -6.57642 -6.496577 -6.420304 -6.402408 -6.337127 -6.250995 -6.188197 -6.180203 -6.107396 -6.002805 -5.927167 -5.851911 -5.846909 5.648685 -5.650731 -5.553347 -5.560718 -5.469455 5.29261 5.210429 5.101562 5.103469 5.01498 4.91814 4.792924 4.7224 4.604819 4.453007 4.302847 4.165384 4.014807 3.845944 3.714815 3.561692 3.425487 3.298234 3.132912 2.976244 2.854165 2.7134 2.614203 2.514933 2.418056 2.327422 2.232687 2.146148 2.066898 2.019508 1.978056 1.930446 -1.982967 -1.981367 1.938075 1.931496 1.921243 1.9112 1.905103 1.903994 1.892232 1.879757 1.885432 1.888584 1.948313 2.203782 3.186437 3.421095 3.422371 3.419709 3.303956 3.121788 3.026734 2.835483 2.674857 2.539051 2.443634 2.421366 2.37841 2.337198 2.299481 2.292897 2.266124 2.240913 2.224221 2.208994 2.207362 2.196549 2.184804 2.171814 2.174672 2.164255 2.1529 2.143355
prominence: 10.194126999999998 10.162497000000002 9.914795999999999 9.704718 9.45637 9.324864 9.231524 9.137090999999998 9.016328000000001 8.935207 8.908256 8.785854 8.708538 8.653098 8.558781 8.491447999999998 8.427299999999999 8.356012 8.274718 8.216968000000001 8.128179 8.025529 7.924099000000001 7.856978 7.764493000000001 7.711993 7.603467000000001 7.524795 7.455856 7.309708 7.25129 7.1770819999999995 7.0642119999999995 6.9839269999999996 6.860703000000001 6.753318999999999 6.672414999999999 6.578099 6.4600919999999995 6.361549 6.238581999999999 6.159790000000001 6.028419999999999 5.940607999999999 5.798193999999999 5.769519000000001 5.668328000000001 5.609705 5.540232000000001 5.428934999999999 5.294516 5.212498 5.054666000000001 4.921903 4.758786000000001 4.640687999999999 4.506484 4.449572000000002 4.2656670000000005 4.205878 4.032309999999999 3.9688149999999993 3.834173 3.7312600000000007 3.6016130000000004 3.559298 3.3785410000000002 3.311553999999999 3.2643390000000014 3.3225729999999984 3.3817559999999993 3.3886160000000007 3.275556 3.163893 3.035568999999999 2.8649679999999993 2.7361080000000015 2.546016 2.4071990000000003 2.2807270000000006 2.1205430000000014 2.0411780000000004 1.938136 1.7746269999999988 1.6655180000000005 1.6213429999999995 1.564900999999999 1.4151239999999987 1.2713199999999993 1.177334 1.0917180000000002 1.12115 0.9448439999999998 0.8605990000000006 0.898734000000001 0.8456739999999989 0.6236809999999995 0.6517389999999992 0.6064720000000001 0.6247179999999997 0.6089929999999999 0.41125099999999826 0.41214899999999943 0.4753350000000012 0.5222899999999999 0.3894819999999992 0.35666200000000003 0.3300199999999993 0.42553200000000047 0.49150200000000055 0.4065314999999998 0.8455914999999994 0.3515480000000011 0.3818730000000006 0.26448800000000006 0.47507699999999886 0.45521600000000007 0.47278400000000076 0.40688800000000036 0.41543300000000016 0.3934939999999987 0.4125720000000008 0.4547100000000004 0.3865569999999998 0.3922630000000016 0.369273999999999 0.372834000000001 0.3303270000000005 0.3399029999999996 0.30536299999999983 0.31619899999999923 0.36924899999999994 0.3785419999999995 0.3421409999999998 0.3297559999999997 0.27590499999999984 0.3448309999999992 0.3363820000000004 0.26679799999999965 0.2975380000000003 0.2524470000000001 0.28209700000000026 0.28755099999999967 0.3063160000000007 0.301304 0.27658999999999967 0.32175699999999985 0.30893700000000024 0.2996249999999998 0.311693 0.304392 0.34027099999999955 0.3194699999999999 0.3293619999999997 0.33429100000000034 0.33967299999999945 0.27159200000000006 0.23219600000000007 0.26144299999999987 0.28354500000000016 0.2942810000000007 0.26654 0.21449100000000065 0.2172609999999997 0.2117950000000004 0.24712399999999946 0.20528699999999933 0.19259999999999966 0.15466599999999975 0.14984799999999954 0.14822200000000052 0.1183449999999997 0.12062600000000057 0.1226970000000005 0.04589049999999961 0.08195700000000006 0.06910499999999953 0.08297699999999963 0.07444299999999959 0.32917600000000036 0.42261049999999933 0.49290449999999986 0.33031950000000077 0.38831799999999905 0.4234599999999995 0.4076374999999999 0.04181400000000046 0.03633474999999997 0.045594000000000356 0.05543549999999975 0.05271850000000011 0.07905250000000041 0.0782320000000003 0.07354949999999993 0.08093675000000022 0.07048525000000039 0.06543450000000028 0.07874924999999999 0.0746522500000002 0.06115099999999973 0.07423749999999973 0.06501375000000031 0.05802050000000003 0.04564825000000017 0.04889125000000005 0.06608150000000013 0.050410999999999984 0.04112349999999987 0.036830499999999766 0.04844800000000005 0.032803499999999985 0.020286999999999944 0.02541300000000013 0.018694750000000093 0.02653149999999993 0.02933500000000011 0.030752000000000113 0.02451250000000016 0.02522100000000016 0.02786400000000011 0.029000500000000207 0.027635000000000076 0.027147500000000102 0.04136949999999984 0.15978725000000038 0.0599157499999996 0.007596749999999819 0.008485999999999994 0.005376000000000047 0.02031975000000008 0.01815900000000026 0.0358562499999997 0.020945750000000096 0.014195500000000028 0.016353499999999688 0.020314500000000013 0.021678000000000086 0.016473499999999586 0.019406000000000034 0.015164999999999651 0.023114999999999775 0.016747499999999693 0.021901999999999866 0.018053499999999723 0.0187195 0.021748999999999796 0.01949999999999985 0.01896099999999956 0.019678499999999932 0.01802799999999971 0.009764749999999989 0.0030654999999999433 0.0038769999999996863
width: 0.03579493597771743 0.03568854791752911 0.03640822677139961 0.0367840952835827 0.037090517428903555 0.037366147745304334 0.03707294416463115 0.037134649363016185 0.03703384163983032 0.036865155949140305 0.036779979333954355 0.0362693200628169 0.034590382331412026 0.035114034704519646 0.03554655743924352 0.035425470371431206 0.03593941485676289 0.036375140687855446 0.037084802881311614 0.03709122563798148 0.03762472507287357 0.037217751105515895 0.03731250996044279 0.03713749123242447 0.03603989989257738 0.03592315963965628 0.03572277290912417 0.03547833493530085 0.035123261896787 0.03474965118693922 0.03437060643359483 0.034086828782537305 0.03372293696188908 0.0334210997397306 0.03300066424600925 0.03263062465102997 0.0324223010763076 0.03215426065054083 0.031807976899382966 0.031437263663080375 0.03100944908010309 0.03077495396950586 0.03043024843201822 0.030084394222089996 0.029760973779934936 0.029244220500644246 0.02877987328560275 0.028192405002491178 0.027464327552179958 0.027338519517849616 0.02713104189771814 0.02688519826481664 0.02647752104550361 0.026447214428494847 0.02589964877223942 0.025615210794658286 0.025184134138700007 0.02509279949386031 0.024672160911441036 0.024589712175437567 0.02398721752231734 0.022887122790871357 0.022009359283952222 0.02185690573275835 0.021543099912388876 0.02190835982870398 0.02160526988974622 0.021468869205689547 0.02112780247403699 0.021484506409266624 0.021685362386759707 0.021699982646083586 0.021196891707737243 0.020585857298062893 0.02005902749977685 0.01952978048103469 0.01906953986113384 0.018198552780115902 0.01776288723062456 0.017161623104921173 0.016506202364443834 0.01599108448380071 0.015462090297301952 0.014710377855638954 0.014160467787654013 0.013666238329519182 0.013243693105912672 0.01265797395687923 0.01178644882875634 0.01141406214197015 0.010805799297059514 0.010925374702579364 0.009863659184337455 0.009285273483226964 0.008989238247193106 0.008966814978152625 0.00754560260096298 0.007734018123134479 0.00736023392517222 0.007162026577010934 0.0071493865405070555 0.005822656990202818 0.005344125505143256 0.005733721473907364 0.0058937614312462114 0.00497237536932809 0.0048414579394458705 0.004067276412143086 0.004466355374413747 0.0050263170850550565 0.0050263170850550565 0.0050263170850550565 0.003953138562678842 0.004176712105283127 0.0033835166388818953 0.004292574521015909 0.004111098398993173 0.004499966699003955 0.004167670564802969 0.003870589524528944 0.003755394412173755 0.004003815438935944 0.0043292196406872095 0.004100155237298777 0.00392969837164011 0.00359149579692793 0.0035838116857581843 0.0038774181975798675 0.003941930457630388 0.003888289773136884 0.003865693533019655 0.004202276775698714 0.0043737035687565285 0.004368182794868424 0.0042701971898577796 0.00411952598175007 0.004675905701274883 0.004606854363965608 0.004568324349843966 0.005319493354960219 0.004969762903958719 0.005209206823210748 0.005436837933021593 0.0060864482459480245 0.0064010711348061805 0.005552646169467637 0.006408435124849352 0.006510300090144124 0.006715382888379576 0.006705283707041902 0.0066039269084808856 0.006857714822338033 0.006400100577888822 0.0064975047439526 0.006727410824665926 0.006726696528495493 0.005803791057388366 0.004938527287703856 0.005197923701196914 0.005730186883292967 0.00555665155694107 0.0049895014686874165 0.003937756995230003 0.004263799631058209 0.004255179756274163 0.004331143399974255 0.004083653377584741 0.003205794290849366 0.0029988312043791724 0.0028958748151112603 0.00302497799164775 0.002186865974938059 0.0013202219597873866 0.001716881351566611 0.001716881351566611 0.0015087794575892584 0.0016629494930970577 0.0017733787922983677 0.0007917016838045962 0.0007917016838045962 0.0007917016838045962 0.0007917016838045962 0.0007917016838045962 0.0007917016838045962 0.0007917016838045962 0.0007917016838045962 0.0007917016838045962 0.0007917016838045962 0.0007917016838045962 0.0007917016838045962 0.0007917016838045962 0.0007917016838045962 0.0007917016838045962 0.0007917016838045962 0.0007917016838045962 0.0007917016838045962 0.0007917016838045962 0.0007917016838045962 0.0007917016838045962 0.0007917016838045962 0.0007917016838045962 0.0007917016838045962 0.0007917016838045962 0.0007917016838045962 0.0007917016838045962 0.0007917016838045962 0.0007917016838045962 0.0007917016838045962 0.0007917016838045962 0.0007917016838045962 0.0007917016838045962 0.0003896298546107377 0.0001690256183315207 0.0001690256183315207 0.0001690256183315207 0.0001690256183315207 0.0001690256183315207 0.0001690256183315207 0.0001690256183315207 0.0001690256183315207 0.0001690256183315207 0.0001690256183315207 0.0001690256183315207 0.0001690256183315207 0.0001690256183315207 0.0001690256183315207 0.0001690256183315207 0.0001690256183315207 0.0001690256183315207 0.0001690256183315207 0.0001690256183315207 0.0001690256183315207 0.0001690256183315207 0.0001690256183315207 0.0001690256183315207 0.0001690256183315207 0.0001690256183315207 0.0001690256183315207 0.0001690256183315207 0.0001690256183315207 0.0001690256183315207 0.0001690256183315207 0.0001690256183315207 0.0001690256183315207 0.0001690256183315207 0.0001690256183315207 0.0001690256183315207 0.0001690256183315207 0.0001690256183315207 0.0001690256183315207 0.0001690256183315207 0.0001690256183315207 0.0001690256183315207
method: find_peaks find_peaks find_peaks find_peaks find_peaks find_peaks find_peaks find_peaks find_peaks find_peaks find_peaks find_peaks find_peaks find_peaks find_peaks find_peaks find_peaks find_peaks find_peaks find_peaks find_peaks find_peaks find_peaks find_peaks find_peaks find_peaks find_peaks find_peaks find_peaks find_peaks find_peaks find_peaks find_peaks find_peaks find_peaks find_peaks find_peaks find_peaks find_peaks find_peaks find_peaks find_peaks find_peaks find_peaks find_peaks find_peaks find_peaks find_peaks find_peaks find_peaks find_peaks find_peaks find_peaks find_peaks find_peaks find_peaks find_peaks find_peaks find_peaks find_peaks find_peaks find_peaks find_peaks find_peaks find_peaks find_peaks find_peaks find_peaks find_peaks find_peaks find_peaks find_peaks find_peaks find_peaks find_peaks find_peaks find_peaks find_peaks find_peaks find_peaks find_peaks find_peaks find_peaks find_peaks find_peaks find_peaks find_peaks find_peaks find_peaks find_peaks find_peaks find_peaks find_peaks find_peaks find_peaks find_peaks find_peaks find_peaks find_peaks find_peaks find_peaks find_peaks find_peaks find_peaks find_peaks find_peaks find_peaks find_peaks find_peaks find_peaks extremum extremum find_peaks find_peaks find_peaks find_peaks find_peaks find_peaks find_peaks find_peaks find_peaks find_peaks find_peaks find_peaks find_peaks find_peaks find_peaks find_peaks find_peaks find_peaks find_peaks find_peaks find_peaks find_peaks find_peaks find_peaks find_peaks find_peaks find_peaks find_peaks find_peaks find_peaks find_peaks find_peaks find_peaks find_peaks find_peaks find_peaks find_peaks find_peaks find_peaks find_peaks find_peaks find_peaks find_peaks find_peaks find_peaks find_peaks find_peaks find_peaks find_peaks find_peaks find_peaks find_peaks find_peaks find_peaks find_peaks find_peaks find_peaks find_peaks find_peaks find_peaks find_peaks find_peaks extremum find_peaks find_peaks find_peaks find_peaks extremum extremum extremum extremum extremum extremum extremum extremum extremum extremum extremum extremum extremum extremum extremum extremum extremum extremum extremum extremum extremum extremum extremum extremum extremum extremum extremum extremum extremum extremum extremum extremum find_peaks find_peaks extremum extremum extremum extremum extremum extremum extremum extremum extremum extremum extremum extremum extremum extremum extremum extremum extremum extremum extremum extremum extremum extremum extremum extremum extremum extremum extremum extremum extremum extremum extremum extremum extremum extremum extremum extremum extremum extremum extremum extremum

[trajectory 2]
fields: 2948.0 2948.25 2948.5 2948.75 2949.0 2949.25 2949.5 2949.75 2950.0 2950.25 2950.5 2950.75 2951.0 2951.25 2951.5 2951.75 2952.0 2952.25 2952.5 2952.75 2953.0 2953.25 2953.5 2953.75 2954.0 2954.25 2954.5 2954.75 2955.0 2955.25 2955.5 2955.75 2956.0 2956.25 2956.5 2956.75 2957.0 2957.25 2957.5 2957.75 2958.0 2958.25 2958.5 2958.75 2959.0 2959.25 2959.5 2959.75 2960.0 2960.25 2960.5 2960.75 2961.0 2961.25 2961.5 2961.75 2962.0 2962.25 2962.5 2962.75 2963.0 2963.25 2963.5 2963.75 2964.0 2964.25 2964.5 2964.75 2965.0 2965.25 2965.5 2965.75 2966.0 2966.25 2966.5 2966.75 2967.0 2967.25 2967.5 2967.75 2968.0 2968.25 2968.5 2968.75 2969.0 2969.25 2969.5 2969.75 2970.0 2970.25 2970.5 2970.75 2971.0 2971.25 2971.5 2971.75 2972.0 2972.25 2972.5 2972.75 2973.0 2973.25 2973.5 2973.75 2974.0 2974.25 2974.5 2974.75 2975.0 2975.25 2975.5 2975.75 2976.0 2976.25 2976.5 2976.75 2977.0 2977.25 2977.5 2977.75 2978.0 2978.25 2978.5 2978.75 2979.0 2979.25 2979.5 2979.75 2980.0 2980.25 2980.5 2980.75 2981.0 2981.25 2981.5 2981.75 2982.0 2982.25 2982.5 2982.75 2983.0 2983.25 2983.5 2983.75 2984.0 2984.25 2984.5 2984.75 2985.0 2985.25 2985.75 2986.0 2986.25 2986.5 2985.5 2985.75 2986.0 2986.25 2986.5 2986.75 2987.0 2987.25 2987.5 2987.75 2988.0 2988.25 2988.5 2988.75 2989.0 2989.25 2989.5 2989.75 2990.0 2990.25 2990.5 2990.75 2991.0 2991.25 2991.5 2991.75 2992.0 2992.25 2992.5 2992.75 2993.0 2993.25 2993.5 2993.75 2994.0 2994.25 2994.5 2994.75 2995.0 2995.25 2995.5 2995.75 2996.0 2996.25 2996.5 2996.75 2997.0 2997.25 2997.5 2997.75 2998.0 2998.25 2998.5 2998.75 2999.0 2999.25 2999.5 2999.75 3000.0 3000.25 3000.5 3000.75 3001.0 3001.25 3001.5 3001.75 3002.0 3002.25 3002.5 3002.75 3003.0 3003.25 3003.5 3003.75 3004.0 3004.25 3004.5 3004.75 3005.0 3005.25 3005.5 3005.75 3006.0 3006.25 3006.5 3006.75 3007.0 3007.25 3007.5 3007.75 3008.0 3008.25 3008.5 3008.75 3009.0 3009.25 3009.5 3009.75 3010.0 3010.25 3010.5 3010.75 3011.0 3011.25 3011.5 3011.75 3012.0 3012.25 3012.5 3012.75 3013.0 3013.25
freq: 3.648385 3.648385 3.649135 3.649735 3.650785 3.651535 3.651535 3.652285 3.653035 3.653935 3.653935 3.654985 3.655734 3.656484 3.657384 3.657534 3.658284 3.659184 3.659934 3.659934 3.661134 3.661884 3.662634 3.663534 3.663534 3.664434 3.665483 3.666083 3.666233 3.666983 3.667883 3.668783 3.669683 3.669683 3.670583 3.671333 3.672233 3.672383 3.673283 3.674183 3.674933 3.675682 3.675982 3.676582 3.677482 3.678232 3.678382 3.679282 3.680182 3.680932 3.681832 3.681982 3.682732 3.683632 3.684532 3.684532 3.685281 3.686181 3.687231 3.687831 3.687981 3.689031 3.689631 3.690681 3.690681 3.691431 3.692331 3.693231 3.694281 3.694131 3.694881 3.69578 3.69653 3.69653 3.69743 3.69818 3.69893 3.69983 3.69998 3.70058 3.70148 3.70223 3.70223 3.70298 3.70373 3.70478 3.705529 3.705679 3.706429 3.707029 3.707929 3.707929 3.708679 3.709279 3.710179 3.710929 3.711079 3.711829 3.712579 3.713329 3.712429 3.711529 3.710629 3.709729 3.709279 3.70238 3.709579 3.70223 3.694881 3.687531 3.680332 3.673733 3.666683 3.724878 3.724728 3.725627 3.726377 3.727277 3.728027 3.728177 3.728927 3.729827 3.730577 3.730727 3.731477 3.732227 3.733127 3.733877 3.734027 3.734927 3.735826 3.736276 3.736576 3.737176 3.737626 3.738226 3.738676 3.732977 3.733877 3.734477 3.734777 3.735226 3.735526 3.736426 3.737026 3.737476 3.737476 3.738226 3.744376 3.744826 3.745875 3.746325 3.746775 3.747375 3.733877 3.732077 3.732077 3.731477 3.731477 3.730577 3.730577 3.730577 3.730577 3.730577 3.730577 3.730577 3.730127 3.730577 3.730127 3.730577 3.730127 3.730127 3.730127 3.730577 3.730127 3.729227 3.730577 3.729227 3.730577 3.730127 3.730577 3.729827 3.730577 3.729827 3.729227 3.730127 3.730127 3.729827 3.730577 3.730577 3.729977 3.729227 3.729827 3.729827 3.729227 3.729527 3.730127 3.729227 3.729827 3.729227 3.729377 3.729227 3.729227 3.729677 3.729527 3.729827 3.729377 3.729227 3.729677 3.729227 3.728177 3.729227 3.729827 3.729227 3.730127 3.729227 3.729227 3.730127 3.729227 3.729827 3.729827 3.729377 3.730127 3.728327 3.729377 3.729227 3.729227 3.729827 3.729827 3.729527 3.729227 3.728927 3.729227 3.729227 3.728477 3.729227 3.729227 3.729227 3.729227 3.729227 3.729227 3.728327 3.729377 3.730127 3.729377 3.730127 3.729227 3.729227 3.729377 3.729227 3.729227 3.728927 3.728177 3.729077 3.729227 3.729227 3.729677 3.729227 3.729677 3.729227 3.729227 3.728327 3.729377 3.729227 3.728327 3.729227
magnitude: -9.890435 -9.936332 -9.998574 -10.131384 -10.278455 -10.41542 -10.400983 -10.500321 -10.630814 -10.717535 -10.746269 -10.896576 -11.054601 -11.196577 -11.202317 -11.253531 -11.362451 -11.539433 -11.662086 -11.686618 -11.713523 -11.879153 -12.007702 -12.170159 -12.153652 -12.242162 -12.349795 -12.485006 -12.504851 -12.643195 -12.716661 -12.84845 -13.014203 -12.976067 -13.07653 -13.194663 -13.324494 -13.365376 -13.503776 -13.62613 -13.721439 -13.811123 -13.887208 -13.996191 -14.10853 -14.217913 -14.28086 -14.412926 -14.636158 -14.722249 -14.914865 -14.930992 -15.07865 -15.380351 -15.441984 -15.528005 -15.67782 -15.811483 -16.157482 -16.393745 -16.516281 -16.753365 -16.836674 -17.357944 -17.319174 -17.65646 -18.061676 -18.182165 -18.702541 -18.661942 -19.070118 -19.52993 -19.963415 -19.959814 -20.221495 -20.804867 -21.386276 -22.028313 -22.112997 -22.453039 -23.119577 -23.740438 -23.822729 -24.334471 -25.026293 -25.620609 -26.873278 -26.717831 -27.840664 -28.486546 -29.338314 -29.476282 -30.231724 -31.565897 -32.731106 -34.084965 -34.211662 -35.034233 -38.383835 -40.979904 21.540136 17.897446 14.610686 12.894678 12.276811 9.296883 12.216962 9.200488 7.236155 6.030474 5.488621 5.290224 5.151628 12.649523 12.586623 12.644779 12.666417 12.523974 12.535993 12.507706 12.422656 12.414745 12.235577 12.166922 12.066141 12.01445 11.821493 11.87185 11.673712 11.497156 11.402187 11.646277 11.141604 11.104343 11.257442 11.678877 12.185658 -23.623051 -22.661295 -21.847542 -21.10161 -21.119255 -20.552862 -19.786655 -19.138502 -18.589134 -18.530289 -17.992424 12.317309 12.48806 11.80357 12.015481 12.205997 12.064325 -17.017536 -16.910898 -16.781221 -16.635733 -16.578272 -16.555401 -16.487028 -16.412308 -16.367907 -16.384533 -16.328594 -16.287567 -16.254333 -16.204367 -16.201103 -16.174522 -16.155214 -16.104752 -16.110041 -16.069864 -16.069393 -16.020916 -16.00449 -16.00968 -15.985949 -15.973663 -15.956534 -15.958094 -15.945348 -15.925466 -15.899619 -15.893498 -15.886246 -15.874713 -15.852775 -15.842059 -15.836576 -15.835698 -15.820207 -15.826541 -15.799108 -15.80826 -15.792657 -15.780942 -15.779481 -15.783428 -15.772057 -15.758287 -15.759111 -15.742791 -15.739551 -15.726151 -15.743114 -15.720085 -15.716441 -15.710099 -15.700372 -15.705667 -15.689622 -15.70065 -15.690868 -15.69184 -15.675529 -15.674878 -15.679181 -15.6703 -15.656145 -15.663445 -15.658245 -15.654453 -15.648675 -15.641596 -15.642739 -15.647828 -15.637163 -15.617816 -15.620868 -15.626192 -15.623664 -15.601928 -15.608209 -15.633577 -15.615224 -15.615639 -15.603753 -15.594714 -15.59125 -15.579386 -15.586344 -15.57468 -15.57477 -15.590136 -15.581057 -15.569641 -15.561157 -15.574235 -15.572877 -15.551966 -15.563895 -15.562796 -15.562445 -15.560227 -15.557274 -15.549746 -15.545316 -15.552314 -15.543148 -15.542814 -15.540649 -15.553898 -15.54636 -15.536442
prominence: 4.588801 3.7464820000000003 4.08883 4.129914 4.510060999999999 4.473211999999999 3.5887400000000005 3.995653 4.289121000000001 4.353991 3.648783 4.425045 4.66704 4.803208 4.751335000000001 4.071489000000001 4.475159 4.869192000000001 5.002466 3.9447399999999995 4.634585 4.797954000000001 5.112553 5.369006 4.105568 4.65014 5.1254 5.171894 4.275011000000001 4.856568 5.051482 5.459149999999999 5.701833000000001 4.522738 5.15547 5.366482 5.753709 5.0383119999999995 5.832933000000001 6.0600439999999995 5.988419 5.966589 5.507605 5.906718999999999 6.353991 6.252731999999999 5.621254 6.196618000000001 6.602880000000001 6.791287 6.968628000000001 6.2229399999999995 6.672084 7.159625999999999 7.188578999999999 6.2853200000000005 6.965625000000001 7.509726000000001 8.040336000000002 8.032048 7.188274 8.099469 8.165655 9.032251 7.694617000000001 8.696696 9.364480999999998 9.358168000000001 10.127793 8.510078 9.485909000000001 10.152922 10.443574000000002 9.373536000000001 10.265866 11.087483000000002 11.524836999999998 12.243692000000001 11.291399 11.735273000000001 12.754066 13.187342000000001 11.890712999999998 12.993198000000001 13.714514 14.521210000000002 15.362805 13.950989 15.333748 15.693862000000001 16.601854000000003 15.346183000000002 16.428519 17.513458 18.552901 19.540177999999997 17.812692 18.201826 19.082306 16.062572 3.6699455000000007 1.8259410000000003 0.936907500000002 0.5338392499999998 2.466496000000001 1.4796077500000013 2.275567750000002 1.4694017499999994 0.9857252499999998 0.6052064999999995 0.2777919999999998 0.12036799999999914 0.0853072500000005 4.4755780000000005 4.712677250000002 5.476176000000002 4.775432500000001 4.869949499999999 4.188679250000002 3.6400802499999987 4.077337 3.693056000000002 3.529816000000002 3.006186249999999 3.3125952499999993 3.0761255 3.0131444999999992 2.741375500000002 2.3429157500000013 2.580475999999999 2.3026649999999993 2.1916545000000003 2.0395304999999997 2.1574805 2.1595282499999993 2.1266745 2.0322005 12.234336 8.065829999999998 5.748025999999999 4.377413000000001 4.152044 3.3855509999999995 2.604095000000001 1.954943 1.3733140000000006 1.2339540000000007 0.8560069999999982 2.419582 1.9854070000000004 1.9852725000000007 1.7317134999999997 1.4652105000000013 1.3527424999999997 5.314814 5.107327999999999 4.765739999999999 4.429735999999998 4.513946999999998 4.839065 4.748722999999998 4.681562999999999 4.708955 5.049644000000001 4.959649999999998 5.011069999999998 4.989324 5.011789000000002 5.255836 5.301859 5.3333210000000015 5.315632000000001 5.517443999999999 5.588031999999998 5.641667000000002 5.677514 5.772599000000001 5.83076 5.9205749999999995 6.019276 6.153884999999999 6.172573999999999 6.290346999999999 6.385827000000001 6.500617999999999 6.634549999999999 6.653423999999999 6.720495 6.790305999999999 6.865483000000001 6.893675 6.953863 7.027191999999999 7.0923120000000015 7.136289 7.1501090000000005 7.220267 7.273766 7.300867 7.349826 7.373976000000001 7.425313999999998 7.481512 7.503326000000001 7.529173 7.570155 7.638329000000001 7.664574 7.6769870000000004 7.686073 7.716974 7.778219 7.76804 7.780701 7.821407 7.849194999999999 7.865650999999999 7.863007 7.928526 7.924659999999999 7.947443000000001 8.005095999999998 8.000739000000001 8.030066000000001 8.025278 8.076491 8.111527 8.120794 8.122027 8.129943999999998 8.15396 8.183318 8.235985 8.221377999999998 8.252885 8.293296000000002 8.340809 8.366211 8.359766 8.379473 8.427923 8.427429 8.47278 8.471257000000001 8.524662 8.561043999999999 8.590065 8.581002000000002 8.622731 8.682514999999999 8.702342999999999 8.689848000000001 8.75744 8.761426 8.789674000000002 8.830856999999998 8.867902 8.899417 8.908631 8.943133 8.978736000000001 9.010485 9.014592 9.092524000000001 9.08663 9.150222
width: 0.001811011644198417 0.0015374692751814682 0.001508684455605487 0.0015313724920765909 0.001695624932017508 0.0016980608670333509 0.0013936943345134207 0.001498682912718059 0.0014662828300936177 0.0015552773605113598 0.001388010763648654 0.001634458407071894 0.001663940461424212 0.0015485220226809785 0.0016330005791702288 0.001416317924099268 0.001556697201586273 0.0016173932523387369 0.0015342360547575488 0.0012375060767940466 0.0015678410592138484 0.0016147124303893454 0.0016307870790443298 0.0015644089210271645 0.0012548605077313151 0.0014574653868218359 0.001642229232015078 0.00157297146111127 0.0013626946726439163 0.0013841780459344611 0.0015180037074532214 0.0016585701876199793 0.0016442279132598957 0.0013849341430441327 0.0014333442383044936 0.001519975488906276 0.001664703149354318 0.001523403721700635 0.0016250444011095047 0.0016271158413886917 0.0016952445760858275 0.0017178169898459917 0.0016377459747878248 0.0016791210946302427 0.0016940935653882237 0.0017148422069548478 0.0015830933458069226 0.001740382635433051 0.0018155688350793447 0.001851610749524657 0.0019004298129917645 0.0017512717666322863 0.0018807405012035375 0.0018582244924258634 0.0019170451942981492 0.0016878381874065056 0.0018518352890408815 0.0020982248900460886 0.002113204901002145 0.002031881198325496 0.0018530021632585311 0.0021113608923448743 0.0022286310621789603 0.0022716082708171704 0.0020052471975625166 0.002178613588517716 0.002240815697871057 0.0024337030512519733 0.002471524744809324 0.0021334029653647083 0.002272788894083027 0.0023391362281778225 0.002394988103786944 0.002197261652817286 0.002435095091398517 0.002440827048034745 0.002501001602305025 0.0025377026859851994 0.0023938484519432134 0.002462548928484881 0.00250882986921766 0.0024920412927174032 0.0022222704636690386 0.002398461672676457 0.002487697480217437 0.002521211208533751 0.002421893607615016 0.002294541970637729 0.0022356818972688883 0.002282608363373472 0.002306384881500344 0.0020909614507419053 0.002052564672495772 0.0019448599416650686 0.0019148376294804382 0.0018769008773697972 0.0016547889564918186 0.0015898666110173438 0.0011435339482069361 0.0006782125582043536 0.0006782125582043536 0.0006782125582043536 0.0006782125582043536 0.0006782125582043536 0.0046570488321897585 0.0046570488321897585 0.004958095473465374 0.004958095473465374 0.004958095473465374 0.004958095473465374 0.004958095473465374 0.004958095473465374 0.004958095473465374 0.0025895447657875437 0.0025895447657875437 0.0025895447657875437 0.0025895447657875437 0.0025895447657875437 0.0025895447657875437 0.0025895447657875437 0.0025895447657875437 0.0025895447657875437 0.0025895447657875437 0.0025895447657875437 0.0025895447657875437 0.0025895447657875437 0.0025895447657875437 0.0025895447657875437 0.0025895447657875437 0.0025895447657875437 0.0025895447657875437 0.0025895447657875437 0.0025895447657875437 0.0025895447657875437 0.0025895447657875437 0.0025895447657875437 0.0025895447657875437 0.00929207095682451 0.006742306624003184 0.005709977477904107 0.005355319496150946 0.0050745907659765594 0.004891030364482503 0.0049865167725651905 0.004853833849340351 0.004710688998448249 0.0045135559155282615 0.004855359836510448 0.004855359836510448 0.004855359836510448 0.004855359836510448 0.004855359836510448 0.004855359836510448 0.004855359836510448 0.024121355644253672 0.024433957236908086 0.024640935851144047 0.024768952458273565 0.025334267243819732 0.026230574085563133 0.026280992472364838 0.02559888132100297 0.02517587464827702 0.026378405982675882 0.02549791021987648 0.02547787214886104 0.025103980704986123 0.025105030079800444 0.02594113372836708 0.025931861406754825 0.025973104487956006 0.025994142835903976 0.02653145444051093 0.02691232490397907 0.026879196006552895 0.02706009442566943 0.027414435313184687 0.027553487996785662 0.027963339559133833 0.02817915224336627 0.02849864739718443 0.028503006884146743 0.028837033134598407 0.02923732745033261 0.029693983580932923 0.03004445625318029 0.030198536909920914 0.03032409016556425 0.030592847819635484 0.030841658531679018 0.030902910858082118 0.03107363600204485 0.031452185915936105 0.031499965301250855 0.0317142291879601 0.031681345114839166 0.03194324956463736 0.03214737354980672 0.03225613138242489 0.03241739027669428 0.032496593585133925 0.03267305859163035 0.032805509121434116 0.03291954103764063 0.032993199627010625 0.03317390939745084 0.03329132946505924 0.033449633571133584 0.03353640022850352 0.03355158241380891 0.03367039216529991 0.03384317357419566 0.03384881389540797 0.033816877523554514 0.033991221528628726 0.0340860052912723 0.03417045202250721 0.034184283038319385 0.03434522218828763 0.03434987656659953 0.03452242160634809 0.034653909503447246 0.034617469640211035 0.03475105886183411 0.03479092575987162 0.03495302499958529 0.035116459298137226 0.0350897101304194 0.03513673427650071 0.035249149552614746 0.03531153161724571 0.03540200249022481 0.035544414210545605 0.03562249633482244 0.03563266624815714 0.03563053844974119 0.03582642554496722 0.03588131299076841 0.03592934479135829 0.03607841871291582 0.036252365887022714 0.03605970457451931 0.03634382573619891 0.03616817777913669 0.03659689012755934 0.03658724437417644 0.036786472731596485 0.036789856260395916 0.03703940015028438 0.03713489688978695 0.03720053844110996 0.03729783027838862 0.03745880632533368 0.037500033302912815 0.037535575347983685 0.037685580900225266 0.037791639294858695 0.037924224162019 0.037991837464088414 0.03800346010822323 0.03816536324322854 0.03824120028324941 0.038251809812457724 0.03836307642922885 0.038409571820349424 0.03882634112258399
method: find_peaks find_peaks find_peaks find_peaks find_peaks find_peaks find_peaks find_peaks find_peaks find_peaks find_peaks find_peaks find_peaks find_peaks find_peaks find_peaks find_peaks find_peaks find_peaks find_peaks find_peaks find_peaks find_peaks find_peaks find_peaks find_peaks find_peaks find_peaks find_peaks find_peaks find_peaks find_peaks find_peaks find_peaks find_peaks find_peaks find_peaks find_peaks find_peaks find_peaks find_peaks find_peaks find_peaks find_peaks find_peaks find_peaks find_peaks find_peaks find_peaks find_peaks find_peaks find_peaks find_peaks find_peaks find_peaks find_peaks find_peaks find_peaks find_peaks find_peaks find_peaks find_peaks find_peaks find_peaks find_peaks find_peaks find_peaks find_peaks find_peaks find_peaks find_peaks find_peaks find_peaks find_peaks find_peaks find_peaks find_peaks find_peaks find_peaks find_peaks find_peaks find_peaks find_peaks find_peaks find_peaks find_peaks find_peaks find_peaks find_peaks find_peaks find_peaks find_peaks find_peaks find_peaks find_peaks find_peaks find_peaks find_peaks find_peaks find_peaks extremum extremum extremum extremum extremum extremum extremum extremum extremum extremum extremum extremum extremum extremum extremum extremum extremum extremum extremum extremum extremum extremum extremum extremum extremum extremum extremum extremum extremum extremum extremum extremum extremum extremum extremum extremum extremum find_peaks find_peaks find_peaks find_peaks find_peaks find_peaks find_peaks find_peaks find_peaks find_peaks find_peaks extremum extremum extremum extremum extremum extremum find_peaks find_peaks find_peaks find_peaks find_peaks find_peaks find_peaks find_peaks find_peaks find_peaks find_peaks find_peaks find_peaks find_peaks find_peaks find_peaks find_peaks find_peaks find_peaks find_peaks find_peaks find_peaks find_peaks find_peaks find_peaks find_peaks find_peaks find_peaks find_peaks find_peaks find_peaks find_peaks find_peaks find_peaks find_peaks find_peaks find_peaks find_peaks find_peaks find_peaks find_peaks find_peaks find_peaks find_peaks find_peaks find_peaks find_peaks find_peaks find_peaks find_peaks find_peaks find_peaks find_peaks find_peaks find_peaks find_peaks find_peaks find_peaks find_peaks find_peaks find_peaks find_peaks find_peaks find_peaks find_peaks find_peaks find_peaks find_peaks find_peaks find_peaks find_peaks find_peaks find_peaks find_peaks find_peaks find_peaks find_peaks find_peaks find_peaks find_peaks find_peaks find_peaks find_peaks find_peaks find_peaks find_peaks find_peaks find_peaks find_peaks find_peaks find_peaks find_peaks find_peaks find_peaks find_peaks find_peaks find_peaks find_peaks find_peaks find_peaks find_peaks find_peaks find_peaks find_peaks find_peaks find_peaks find_peaks find_peaks find_peaks find_peaks find_peaks find_peaks

