# IEPeakWatcher results
# trajectories: 2

[trajectory 1]
fields: 2955.5 2955.75 2956.0 2956.25 2956.5 2956.75 2957.0 2957.25 2957.5 2957.75 2958.0 2958.25 2958.5 2958.75 2959.0 2959.25 2959.5 2959.75 2960.0 2960.25 2960.5 2960.75 2961.0 2961.25 2961.5 2961.75 2962.0 2962.25 2962.5 2962.75 2963.0 2963.25 2963.5 2963.75 2964.0 2964.25 2964.5 2964.75 2965.0 2965.25 2965.5 2965.75 2966.0 2966.25 2966.5 2966.75 2967.0 2967.25 2967.5 2967.75 2968.0 2968.25 2968.5 2968.75 2969.0 2969.25 2969.5 2969.75 2970.0 2970.25 2970.5 2970.75 2971.0 2971.25 2971.5 2971.75 2972.0 2972.25 2972.5 2972.75 2973.0 2973.25 2973.5 2973.75 2974.0 2974.25 2974.5 2974.75 2975.0 2975.25 2975.5 2975.75 2976.0 2976.25 2976.5 2976.75 2977.0 2977.25 2977.5 2977.75 2978.0 2978.25 2978.5 2978.75 2979.0 2979.25 2979.5 2979.75 2980.0 2980.25 2980.5 2980.75 2981.0 2981.25 2981.5 2981.75 2982.0 2982.25 2982.5 2982.75 2983.0 2983.25 2983.5 2983.75 2984.0 2984.25 2984.5 2984.75 2985.0 2985.25 2985.5 2985.75 2986.0 2986.25 2986.5 2986.75 2987.0 2987.25 2987.5 2987.75 2988.0 2988.25 2988.5 2988.75 2989.0 2989.25 2989.5 2989.75 2990.0 2990.25 2990.5 2990.75 2991.0 2991.25 2991.5 2991.75 2992.0 2992.25 2992.5 2992.75 2993.0 2993.25 2993.5 2993.75 2994.0 2994.25 2994.5 2994.75 2995.0 2995.25 2995.5 2995.75 2996.0 2996.25 2996.5 2996.75 2997.0 2997.25 2997.5 2997.75 2998.0 2998.25 2998.5 2998.75
freq: 3.729227 3.729677 3.729227 3.730127 3.729227 3.729227 3.729377 3.729227 3.729827 3.730127 3.729227 3.729227 3.729827 3.729227 3.728327 3.728027 3.728177 3.729227 3.729227 3.729227 3.728327 3.728177 3.728177 3.728027 3.729227 3.729227 3.728027 3.728927 3.728327 3.728927 3.729227 3.729677 3.725327 3.726377 3.726527 3.726977 3.728027 3.728627 3.729377 3.729227 3.730127 3.730577 3.730127 3.730577 3.730127 3.728327 3.728177 3.729227 3.729227 3.728327 3.728477 3.728027 3.728027 3.728027 3.728027 3.729227 3.728027 3.728627 3.728027 3.729377 3.729227 3.728027 3.729227 3.729227 3.728027 3.729227 3.730127 3.729227 3.729227 3.730127 3.729827 3.730127 3.730577 3.729227 3.730127 3.730127 3.730577 3.730577 3.730577 3.730127 3.730577 3.730577 3.730577 3.732077 3.731477 3.731477 3.732077 3.732677 3.732827 3.732977 3.733877 3.733877 3.734777 3.733877 3.735526 3.735526 3.736126 3.736126 3.736126 3.737626 3.738076 3.739426 3.739276 3.739576 3.739726 3.741526 3.742126 3.741526 3.742876 3.743326 3.744376 3.744376 3.744976 3.746325 3.746775 3.747675 3.747075 3.748875 3.749925 3.750075 3.749925 3.750675 3.752325 3.753375 3.753675 3.753675 3.755324 3.755924 3.756224 3.756224 3.757574 3.757574 3.759974 3.760724 3.761024 3.760724 3.761774 3.763424 3.763424 3.764474 3.765223 3.765973 3.767323 3.765973 3.768223 3.768223 3.768223 3.768223 3.769573 3.769723 3.770773 3.771223 3.771673 3.772723 3.772723 3.774073 3.774073 3.774073 3.775572 3.776322 3.776772 3.776772 3.779172 3.777972 3.778572 3.778572 3.779472 3.779772 3.780372 3.780972 3.781272 3.782172 3.783072 3.783972
magnitude: -15.328557 -15.302812 -15.293715 -15.280541 -15.268735 -15.261924 -15.234375 -15.234695 -15.219579 -15.194523 -15.180326 -15.183022 -15.17364 -15.16537 -15.146572 -15.143241 -15.14663 -15.127244 -15.129289 -15.112048 -15.101014 -15.104999 -15.098501 -15.095435 -15.078062 -15.076488 -15.069381 -15.06406 -15.051948 -15.033884 -15.033541 -15.020073 -15.012488 -15.06109 -15.083619 -15.125237 -15.155993 -15.136666 -15.105914 -15.109758 -15.087927 -15.025211 -14.985162 -14.978703 -14.960405 -14.94597 -14.918029 -14.905854 -14.896735 -14.883887 -14.86624 -14.849415 -14.840972 -14.829006 -14.808274 -14.792688 -14.775657 -14.766395 -14.742045 -14.723879 -14.701319 -14.70219 -14.687434 -14.652227 -14.609234 -14.580014 -14.574979 -14.556914 -14.506182 -14.477 -14.430356 -14.432521 -14.383739 -14.354739 -14.315669 -14.294692 -14.239345 -14.188261 -14.127903 -14.059871 -14.053352 -13.972711 -13.896993 -13.781329 -13.791196 -13.697742 -13.593079 -13.455667 -13.346892 -13.31928 -13.204896 -13.066029 -12.90103 -12.871965 -12.730206 -12.602537 -12.410275 -12.210967 -12.1877 -11.982416 -11.804083 -11.586015 -11.593969 -11.429151 -11.23817 -10.985086 -10.763226 -10.787986 -10.563424 -10.355035 -10.137527 -10.138849 -9.963964 -9.739313 -9.555616 -9.356811 -9.337784 -9.162421 -8.964794 -8.790552 -8.811551 -8.671992 -8.500397 -8.329265 -8.213892 -8.198755 -8.043087 -7.92271 -7.837074 -7.835969 -7.720892 -7.622366 -7.525643 -7.451827 -7.438276 -7.355203 -7.270737 -7.201883 -7.178868 -7.114559 -7.045881 -6.967433 -6.898955 -6.89422 -6.83046 -6.781631 -6.706905 -6.702183 -6.632608 -6.57642 -6.496577 -6.420304 -6.402408 -6.337127 -6.250995 -6.188197 -6.180203 -6.107396 -6.002805 -5.927167 -5.851911 -5.846909 5.648685 -5.650731 -5.553347 -5.560718 -5.469455 5.29261 5.210429 5.101562 5.103469 5.01498 4.91814 4.792924
prominence: 10.867987 10.169137 9.697182000000002 9.677199 9.64478 9.602741000000002 9.560447 9.553069 9.522139 9.45918 9.748307 10.160982 10.205894 10.186326 10.178888 10.231247 10.285139000000001 10.262045999999998 10.224324 10.213273000000001 10.157651 10.175947999999998 10.184408000000001 8.891523 8.810851 8.798084 8.711419 8.654293 8.547175 8.443782 8.438664 8.291529 8.220955 8.166597 8.166842 8.091004 7.971462000000001 7.842924 7.631554 7.665327 7.509444 7.265113 7.073797000000001 7.074171 6.861459 6.685246000000001 6.494577000000001 6.281186 6.252791 6.0846409999999995 5.866800999999999 5.652666 5.629246 5.414425999999999 5.166623000000001 4.964001 4.743130000000001 4.708158999999998 4.499122 4.27525 4.0814070000000005 4.082635 3.897997 3.6852090000000004 3.410468 3.230531000000001 3.2194080000000014 3.0353780000000015 2.8203060000000004 2.622229000000001 2.4563509999999997 2.462726 2.2742120000000003 2.165621 2.006269999999999 1.92244 1.8546209999999999 1.7326240000000013 1.5762149999999995 1.4473629999999993 1.4330470000000002 1.3205880000000008 1.3446639999999999 1.1318059999999992 1.204573 1.052963 0.9266620000000003 0.9316929999999992 0.8108990000000009 0.8115739999999985 0.7822399999999998 0.6512840000000004 0.6654530000000012 0.7050429999999999 0.6640650000000008 0.5880869999999998 0.5887820000000001 0.49150200000000055 0.5139879999999994 0.48526000000000025 0.4018960000000007 0.3818730000000006 0.45236500000000035 0.47507699999999886 0.45521600000000007 0.47278400000000076 0.40688800000000036 0.41543300000000016 0.3934939999999987 0.4125720000000008 0.4547100000000004 0.3865569999999998 0.3922630000000016 0.369273999999999 0.372834000000001 0.3303270000000005 0.3399029999999996 0.30536299999999983 0.31619899999999923 0.36924899999999994 0.3785419999999995 0.3421409999999998 0.3297559999999997 0.27590499999999984 0.3448309999999992 0.3363820000000004 0.26679799999999965 0.2975380000000003 0.2524470000000001 0.28209700000000026 0.28755099999999967 0.3063160000000007 0.301304 0.27658999999999967 0.32175699999999985 0.30893700000000024 0.2996249999999998 0.311693 0.304392 0.34027099999999955 0.3194699999999999 0.3293619999999997 0.33429100000000034 0.33967299999999945 0.27159200000000006 0.23219600000000007 0.26144299999999987 0.28354500000000016 0.2942810000000007 0.26654 0.21449100000000065 0.2172609999999997 0.2117950000000004 0.24712399999999946 0.20528699999999933 0.19259999999999966 0.15466599999999975 0.14984799999999954 0.14822200000000052 0.1183449999999997 0.12062600000000057 0.1226970000000005 0.04589049999999961 0.08195700000000006 0.06910499999999953 0.08297699999999963 0.07444299999999959 0.32917600000000036 0.42261049999999933 0.49290449999999986 0.33031950000000077 0.38831799999999905 0.4234599999999995 0.4076374999999999
width: 0.04461146305494204 0.04183438453293415 0.03820120600754851 0.038231515527243215 0.03943881002437655 0.03980678931725307 0.04012416381798396 0.04020856963540945 0.04063798898153085 0.0410559732898025 0.04221321827760934 0.04362803721232426 0.04384141117105416 0.044131865583667704 0.044603105936071114 0.04489840313043927 0.04502427939429393 0.0453740454432361 0.045470925016325076 0.04466339407768738 0.04461093629052589 0.04463572624474182 0.044668161629640046 0.03989820039183902 0.03971004433366843 0.03968700933101527 0.039445544479252366 0.03917009950344151 0.03879885162284517 0.03850054938357623 0.038433897317775995 0.03799978158995908 0.03778861366708753 0.03738587990872988 0.037064208377123625 0.03653128100435984 0.03586061675208387 0.035533423063942346 0.03488722088433748 0.035006195998203815 0.03467742687555253 0.03415840226213251 0.03370715529542548 0.03374178989798926 0.03313069737094252 0.032534664966773603 0.03218517546005468 0.03144781916905353 0.03138371922842193 0.030875460744646963 0.03026235954208518 0.0296246114644515 0.02966103306381759 0.028102477871149886 0.02698234955562744 0.026580748080890473 0.02625412428459912 0.02626964413390023 0.02565329884063034 0.024807517482515203 0.024116175537353693 0.024143007926245373 0.023394045348152846 0.022582187026711144 0.021742297505169837 0.02096537717109221 0.020957874275791027 0.019944421755299244 0.019243397157419073 0.018375106209964652 0.01778085648583306 0.017651909387968217 0.01688709217252898 0.016229492134691915 0.015419593367291099 0.015090119965351766 0.014624336779880662 0.014005290330052387 0.013154100350330223 0.012633795457355722 0.012414654491305157 0.011696262665951283 0.01150275963967692 0.01043239318253793 0.010776233414302526 0.009614566535978641 0.008976662276063354 0.00866801883425933 0.0080309289321479 0.00802154192702484 0.007603364979654408 0.006674749485906592 0.00656993368265712 0.006674822083539814 0.0063892531520655564 0.005830120984583704 0.005621059944899255 0.005026317085069938 0.0051352085582751904 0.004994437025616988 0.004361851836170331 0.004176712105283127 0.004645727401795982 0.004292574521015909 0.004111098398993173 0.004499966699017277 0.0041676705648029675 0.003870589524528944 0.0037553944121737548 0.004003815438935943 0.0043292196406872095 0.004100155237298778 0.003929698371640109 0.0035914957969172966 0.0035838116857581843 0.0038774181975798675 0.003941930457618718 0.0038882897731368827 0.003865693533019655 0.004230479975539569 0.0043737035687565285 0.004368182794868424 0.004270197189870422 0.00411952598175007 0.004675905701274882 0.004606854363965606 0.004568324349843965 0.00531949335494447 0.004969762903958719 0.0052092068232261705 0.005436837933021593 0.0060864482459480245 0.0064010711347872295 0.005552646169467637 0.006408435124849352 0.006510300090144124 0.006715382888399458 0.006705283707041902 0.006603926908461334 0.006903739754038025 0.006400100577869873 0.0064975047439526 0.006727410824665926 0.006726696528495493 0.005803791057388366 0.004938527287703856 0.005197923701196914 0.005730186883292967 0.00555665155694107 0.0049895014686874165 0.003937756995230003 0.004263799631058209 0.004255179756274163 0.004331143399974255 0.004083653377584741 0.003205794290849366 0.0029988312043791724 0.0028958748151112603 0.00302497799164775 0.002186865974938059 0.0013202219597873866 0.001716881351566611 0.001716881351566611 0.0015087794575892584 0.0016629494930970577 0.0017733787922983677 0.0007917016838045962 0.0007917016838045962 0.0007917016838045962 0.0007917016838045962 0.0007917016838045962 0.0007917016838045962 0.0007917016838045962 0.0007917016838045962
method: find_peaks find_peaks find_peaks find_peaks find_peaks find_peaks find_peaks find_peaks find_peaks find_peaks find_peaks find_peaks find_peaks find_peaks find_peaks find_peaks find_peaks find_peaks find_peaks find_peaks find_peaks find_peaks find_peaks find_peaks find_peaks find_peaks find_peaks find_peaks find_peaks find_peaks find_peaks find_peaks find_peaks find_peaks find_peaks find_peaks find_peaks find_peaks find_peaks find_peaks find_peaks find_peaks find_peaks find_peaks find_peaks find_peaks find_peaks find_peaks find_peaks find_peaks find_peaks find_peaks find_peaks find_peaks find_peaks find_peaks find_peaks find_peaks find_peaks find_peaks find_peaks find_peaks find_peaks find_peaks find_peaks find_peaks find_peaks find_peaks find_peaks find_peaks find_peaks find_peaks find_peaks find_peaks find_peaks find_peaks find_peaks find_peaks find_peaks find_peaks find_peaks find_peaks find_peaks find_peaks find_peaks find_peaks find_peaks find_peaks find_peaks find_peaks find_peaks find_peaks find_peaks find_peaks find_peaks find_peaks find_peaks find_peaks find_peaks find_peaks find_peaks find_peaks find_peaks find_peaks find_peaks find_peaks find_peaks find_peaks find_peaks find_peaks find_peaks find_peaks find_peaks find_peaks find_peaks find_peaks find_peaks find_peaks find_peaks find_peaks find_peaks find_peaks find_peaks find_peaks find_peaks find_peaks find_peaks find_peaks find_peaks find_peaks find_peaks find_peaks find_peaks find_peaks find_peaks find_peaks find_peaks find_peaks find_peaks find_peaks find_peaks find_peaks find_peaks find_peaks find_peaks find_peaks find_peaks find_peaks find_peaks find_peaks find_peaks find_peaks find_peaks find_peaks find_peaks find_peaks find_peaks find_peaks find_peaks find_peaks find_peaks find_peaks extremum find_peaks find_peaks find_peaks find_peaks extremum extremum extremum extremum extremum extremum extremum

[trajectory 2]
fields: 3003.0 3002.75 3002.5 3002.25 3002.0 3001.75 3001.5 3001.25 3001.0 3000.75 3000.5 3000.25 3000.0 2999.75 2999.5 2999.25 2999.0 2998.75 2998.5 2998.25 2998.0 2997.75 2997.5 2997.25 2997.0 2996.75 2996.5 2996.25 2996.0 2995.75 2995.5 2995.25 2995.0 2994.75 2994.5 2994.25 2994.0 2993.75 2993.5 2993.25 2993.0 2992.75 2992.5 2992.25 2992.0 2991.75 2991.5 2991.25 2991.0 2990.75 2990.5 2990.25 2990.0 2989.75 2989.5 2989.25 2989.0 2988.75 2988.5 2988.25 2988.0 2987.75 2987.5 2987.25 2987.0 2986.75 2986.5 2986.25 2986.0 2985.75 2985.5 2985.25 2985.0 2984.75 2984.5 2984.25 2984.0 2983.75 2983.5 2983.25 2983.0 2982.75 2982.5 2982.25 2982.0 2981.75 2981.5 2981.25 2981.0 2980.75 2980.5 2980.25 2980.0 2979.75 2979.5 2979.25 2979.0 2978.75 2978.5 2978.25 2978.0 2977.75 2977.5 2977.25 2977.0 2976.75 2976.5 2976.25 2976.0 2975.75 2975.5 2975.25 2975.0 2974.75 2974.5 2974.25 2974.0 2973.75 2973.5 2973.25 2973.0 2972.75 2972.5 2972.25 2972.0 2971.75 2971.5 2971.25 2971.0 2970.75 2970.5 2970.25 2970.0 2969.75 2969.5 2969.25 2969.0 2968.75 2968.5 2968.25 2968.0 2967.75 2967.5 2967.25 2967.0 2966.75 2966.5 2966.25 2966.0 2965.75 2965.5 2965.25 2965.0 2964.75 2964.5 2964.25 2964.0 2963.75 2963.5 2963.25 2963.0 2962.75 2962.5 2962.25 2962.0 2961.75 2961.5 2961.25 2961.0 2960.75 2960.5 2960.25 2960.0 2959.75 2959.5 2959.25 2959.0 2958.75 2958.5 2958.25 2958.0 2957.75 2957.5 2957.25 2957.0 2956.75 2956.5 2956.25 2956.0 2955.75 2955.5 2955.25 2955.0 2954.75 2954.5 2954.25 2954.0 2953.75 2953.5 2953.25 2953.0 2952.75 2952.5 2952.25 2952.0 2951.75 2951.5
freq: 3.729377 3.728327 3.730127 3.729377 3.729827 3.729827 3.729227 3.730127 3.729227 3.729227 3.730127 3.729227 3.729827 3.729227 3.728177 3.729227 3.729677 3.729227 3.729377 3.729827 3.729527 3.729677 3.729227 3.729227 3.729377 3.729227 3.729827 3.729227 3.730127 3.729527 3.729227 3.729827 3.729827 3.729227 3.729977 3.730577 3.730577 3.729827 3.730127 3.730127 3.729227 3.729827 3.730577 3.729827 3.730577 3.730127 3.730577 3.729227 3.730577 3.729227 3.730127 3.730577 3.730127 3.730127 3.730127 3.730577 3.730127 3.730577 3.730127 3.730577 3.730577 3.730577 3.730577 3.730577 3.730577 3.730577 3.731477 3.731477 3.732077 3.732077 3.733877 3.733877 3.737626 3.738226 3.737476 3.737476 3.737026 3.736426 3.735526 3.735226 3.734777 3.734477 3.733877 3.732977 3.733127 3.732377 3.731777 3.731027 3.730277 3.730427 3.729827 3.729077 3.728477 3.728327 3.727727 3.726977 3.726377 3.725777 3.725777 3.725027 3.724428 3.725327 3.726227 3.727127 3.726377 3.725627 3.724728 3.724878 3.723978 3.723078 3.722328 3.722178 3.721428 3.720528 3.719778 3.719178 3.718878 3.718128 3.717378 3.716478 3.716478 3.715578 3.714679 3.713779 3.713029 3.713029 3.712129 3.711229 3.710329 3.709579 3.709579 3.708679 3.708079 3.707179 3.707029 3.706129 3.705229 3.70448 3.70358 3.70358 3.70283 3.70193 3.70118 3.70103 3.70043 3.69953 3.69863 3.69773 3.69773 3.69713 3.69623 3.69548 3.69548 3.694731 3.693831 3.692931 3.692331 3.691881 3.691281 3.690981 3.690081 3.689481 3.689181 3.688281 3.687681 3.687981 3.688131 3.688131 3.688131 3.688131 3.681832 3.680932 3.680182 3.681382 3.681982 3.682732 3.682732 3.682732 3.675982 3.675682 3.674933 3.674183 3.675082 3.675982 3.676882 3.677332 3.677482 3.677032 3.676882 3.676882 3.667883 3.666983 3.668183 3.669533 3.670583 3.671783 3.672683 3.673433 3.673433 3.673133 3.673433 3.673433 3.673433 3.673433 3.673433 3.672983 3.673433
magnitude: -15.648675 -15.654453 -15.658245 -15.663445 -15.656145 -15.6703 -15.679181 -15.674878 -15.675529 -15.69184 -15.690868 -15.70065 -15.689622 -15.705667 -15.700372 -15.710099 -15.716441 -15.720085 -15.743114 -15.726151 -15.739551 -15.742791 -15.759111 -15.758287 -15.772057 -15.783428 -15.779481 -15.780942 -15.792657 -15.80826 -15.799108 -15.826541 -15.820207 -15.835698 -15.836576 -15.842059 -15.852775 -15.874713 -15.886246 -15.893498 -15.899619 -15.925466 -15.945348 -15.958094 -15.956534 -15.973663 -15.985949 -16.00968 -16.00449 -16.020916 -16.069393 -16.069864 -16.110041 -16.104752 -16.155214 -16.174522 -16.201103 -16.204367 -16.254333 -16.287567 -16.328594 -16.384533 -16.367907 -16.412308 -16.487028 -16.555401 -16.578272 -16.635733 -16.781221 -16.910898 -17.017536 -17.004194 -17.36101 -17.992424 -18.530289 -18.589134 -19.138502 -19.786655 -20.552862 -21.119255 -21.10161 -21.847542 -22.661295 -23.623051 -23.574997 -24.530458 -25.486139 -26.254549 -27.209782 -27.183054 -28.523378 -29.9475 -31.395266 -31.393181 -32.530907 -33.989098 -35.611645 -37.854221 -38.34235 -40.774487 -42.675571 23.343159 18.662975 12.758604 12.666417 12.644779 12.586623 12.649523 12.635573 12.652123 12.620305 12.612508 12.551688 12.455637 12.384724 12.372252 12.309399 12.189118 12.109527 11.969795 11.974005 11.854771 11.685876 11.521536 11.355571 11.349483 11.239165 10.967018 10.789437 10.619555 10.619912 10.448629 10.242923 10.058236 10.032527 9.828687 9.641651 9.41458 9.211726 9.196749 8.999439 8.823087 8.643944 8.624668 8.423452 8.270815 8.099591 7.904532 7.911365 7.760098 7.578483 7.444431 7.47436 7.317027 7.184531 7.034233 6.916777 6.894493 6.791533 6.728544 6.610662 6.590102 6.504773 6.409767 6.357962 -6.352857 -6.343225 -6.300846 -6.265198 -6.240848 -14.914865 -14.722249 -14.636158 6.006445 5.909827 -5.936146 -5.896001 -5.855721 -13.887208 -13.811123 -13.721439 -13.62613 5.912397 5.79431 5.709232 5.66356 -5.659897 -5.630997 5.60173 5.578251 -12.716661 -12.643195 5.758879 5.684188 5.584237 5.520358 5.487582 -5.534384 -5.521309 -5.509369 -5.500372 -5.496766 -5.492731 -5.485623 -5.473398 -5.466359 -5.469002
prominence: 11.506376 10.755998 10.621008 10.520333999999998 10.531292 10.520202999999999 10.529947 10.550284999999999 10.52878 10.565548 10.560556 10.549021 10.560144000000001 10.567414 10.569647 10.623246 10.588545 10.583383 10.61572 10.603093 10.59319 10.616415 10.614178 10.634840999999998 10.645796 10.653793 10.656407000000002 10.645005 10.667727 10.666867 10.675003 10.73329 10.693786 10.705417 10.711046 10.712843 10.709636 10.732324 10.760212 10.77221 10.774456999999998 10.83908 10.859347999999999 10.865582 10.877823 10.88502 10.900058999999999 10.948221 11.027792000000002 11.007244 11.201014 11.239103 11.242345 11.221546 11.2635 11.250895 11.220666 11.193042000000002 11.223434 11.226042999999999 11.212705 11.241074000000001 11.206125 11.257086999999999 11.308656999999998 11.343499 11.347522999999999 11.381282999999998 11.512372999999998 11.608289 11.659437 11.55886 11.910883 12.233402 12.32048 11.939444000000002 12.217692999999999 12.318569 12.162659000000001 11.329687 9.497643 8.75993 7.6723099999999995 7.039213 6.340997999999999 6.680688 7.292333000000003 7.765706999999999 8.632978999999999 9.157145999999997 9.959201 10.837791000000003 11.671038 11.854996 12.067871 12.505109999999998 14.011622000000003 15.308694000000003 15.871227000000005 14.379897 11.874348999999999 4.469227 2.220136 2.120619249999999 0.31981449999999967 0.5998805000000011 0.20035174999999938 1.6230995000000004 0.17169224999999955 0.15297175000000074 0.24569499999999955 1.8581775 0.21660099999999893 0.17581949999999935 1.7090559999999986 1.746535999999999 2.4056142499999993 1.8972090000000001 1.3543024999999993 0.1541270000000008 3.2106327500000003 0.14709449999999968 0.16725300000000054 0.14967475000000086 0.8118210000000001 3.573955250000001 0.11506400000000028 0.18005400000000016 0.12605600000000017 0.2824439999999999 4.0579 0.10060350000000007 1.4523925000000002 0.11428800000000017 4.171939999999999 0.10191974999999864 0.09231425000000115 0.3023914999999988 0.10096775000000058 4.4591699999999985 0.10491299999999804 0.08183575000000154 1.3216030000000014 4.6135535 0.0939735000000006 0.07787024999999836 0.06520349999999908 0.06981575000000007 4.4724795 0.07859149999999993 0.06980849999999972 0.06921050000000051 1.9842887500000002 0.06641549999999974 0.04716874999999998 0.04737974999999928 0.05219925000000014 0.04428150000000031 0.04288724999999971 0.03739374999999967 0.045704750000000516 0.03312199999999965 0.042209249999999976 0.040627250000000004 0.044478999999999935 0.0241630000000006 0.026818000000000453 0.02768399999999982 0.022636999999999574 0.02770199999999967 7.758070000000001 4.8718319999999995 2.643452 0.1471960000000001 0.04780699999999971 0.02800899999999995 0.026222999999999885 0.030109000000000385 6.595041999999999 4.975753000000001 3.14386 1.819922 0.12221824999999953 0.02881525000000007 0.03884699999999963 0.029180000000000206 0.022045000000000314 0.027281999999999584 0.010284249999999773 0.039468499999999906 5.728199 3.284592 0.16498349999999995 0.04631549999999951 0.034090749999999836 0.02886550000000021 0.0368220000000008 0.03283099999999983 0.03277399999999986 0.03592600000000079 0.024338999999999444 0.028842000000000034 0.02487499999999976 0.03016500000000022 0.023339 0.022829999999999906 0.029106999999999772
width: 0.04661398102067932 0.04384690215470848 0.04342638724444711 0.04304051140473813 0.042804817491525315 0.043017980265241784 0.0430165340368179 0.04310334333069342 0.043058827380982725 0.04306391039657368 0.043088642261254494 0.04302798650558092 0.04311892372089075 0.04309410132439102 0.043148981477001504 0.04323367995209893 0.04314633044730124 0.0431039051055004 0.043104881446538304 0.04319304576609264 0.043122676172088634 0.04289618797821018 0.043112852018042616 0.04320721241699308 0.04316120955915867 0.043202953696037404 0.04318385829776345 0.04324919099521021 0.04328418646060075 0.043223842154437246 0.043314437532350994 0.043412453471099184 0.04339204208933754 0.043093014500840576 0.04362880724676577 0.04355301904785372 0.04354737520857939 0.04360033714346649 0.04370660085536783 0.04375260466568725 0.04383236769753289 0.04406782724345537 0.044196674625261494 0.04437595016784718 0.04442681862912145 0.04458262538364617 0.04505967382498262 0.0455337166187205 0.045968815313896245 0.04688999417197851 0.04788361315805004 0.047880090876127976 0.047387562295360695 0.04728368930892535 0.046735957833579256 0.04622773519386031 0.045544752462286536 0.04540571984194345 0.044791944304036935 0.044123128860890294 0.043402472265034464 0.04263817879107242 0.04266077923640759 0.042147680073735476 0.0412253431960564 0.04039810239328903 0.04030235802778855 0.039609759085081644 0.03855099077619839 0.03750223998738043 0.03673202127223931 0.03668234240081063 0.03525251655877736 0.03271345182798848 0.030312337946270758 0.029309168851613547 0.02728847474745677 0.024418210592315866 0.02067286513738271 0.016683592183560476 0.013446504003339549 0.009481843299050698 0.0063213651876155704 0.004668730642604793 0.004289056586308459 0.0038277277262445766 0.0035827554507915234 0.0033940453610386183 0.0032198416484863525 0.0033928020694619383 0.0030106116548632945 0.002641259397819856 0.0023643720108300443 0.0023894504737806614 0.002153277128799449 0.001915084772564961 0.001734765979500341 0.0014034728559287279 0.0013752567701853214 0.0009190483453006969 0.0006538773034086494 0.0006538773034086494 0.0006538773034086494 0.0006538773034086494 0.0006538773034086494 0.0006538773034086494 0.0006538773034086494 0.0006538773034086494 0.0006538773034086494 0.0006538773034086494 0.0006538773034086494 0.0006538773034086494 0.0006538773034086494 0.0006538773034086494 0.0006538773034086494 0.0006538773034086494 0.0006538773034086494 0.0006538773034086494 0.0006538773034086494 0.0006538773034086494 0.0006538773034086494 0.0006538773034086494 0.0006538773034086494 0.0006538773034086494 0.0006538773034086494 0.0006538773034086494 0.0006538773034086494 0.0006538773034086494 0.0006538773034086494 0.0006538773034086494 0.0006538773034086494 0.0006538773034086494 0.0006538773034086494 0.0006538773034086494 0.0006538773034086494 0.0006538773034086494 0.0006538773034086494 0.0006538773034086494 0.0006538773034086494 0.0006538773034086494 0.0006538773034086494 0.0006538773034086494 0.0006538773034086494 0.0006538773034086494 0.0006538773034086494 0.0006538773034086494 0.0006538773034086494 0.0006538773034086494 0.0006538773034086494 0.0006538773034086494 0.0006538773034086494 0.0006538773034086494 0.0006538773034086494 0.0006538773034086494 0.0006538773034086494 0.0006538773034086494 0.0006538773034086494 0.0006538773034086494 0.0006538773034086494 0.0006538773034086494 0.0006538773034086494 0.0006538773034086494 0.0006538773034086494 0.0006538773034086494 0.0006538773034086494 0.0003038170498096967 0.00034560838455337126 0.0002978945322624391 0.00024194547895348384 0.00027685151774858494 0.002093499800535307 0.0013753657472817442 0.0009773845442797387 0.0009773845442797387 0.0009773845442797387 0.0005038877682012991 0.000570232225227016 0.0005164819944601875 0.001892470112832489 0.0014796380971647991 0.0010664267337055044 0.000640125040352482 0.000640125040352482 0.000640125040352482 0.000640125040352482 0.000640125040352482 0.0005702069816461138 0.0001917660147648277 0.0001917660147648277 0.0001917660147648277 0.0017039956521082773 0.000975968696473336 0.000975968696473336 0.000975968696473336 0.000975968696473336 0.000975968696473336 0.000975968696473336 0.0007182323071928154 0.0007630494547112013 0.0007237446363419741 0.0006932900167222582 0.000639825965962844 0.0007242790023492384 0.0007295703321258558 0.0007846743674520448 0.0007608113750725023 0.000674997069200103
method: find_peaks find_peaks find_peaks find_peaks find_peaks find_peaks find_peaks find_peaks find_peaks find_peaks find_peaks find_peaks find_peaks find_peaks find_peaks find_peaks find_peaks find_peaks find_peaks find_peaks find_peaks find_peaks find_peaks find_peaks find_peaks find_peaks find_peaks find_peaks find_peaks find_peaks find_peaks find_peaks find_peaks find_peaks find_peaks find_peaks find_peaks find_peaks find_peaks find_peaks find_peaks find_peaks find_peaks find_peaks find_peaks find_peaks find_peaks find_peaks find_peaks find_peaks find_peaks find_peaks find_peaks find_peaks find_peaks find_peaks find_peaks find_peaks find_peaks find_peaks find_peaks find_peaks find_peaks find_peaks find_peaks find_peaks find_peaks find_peaks find_peaks find_peaks find_peaks find_peaks find_peaks find_peaks find_peaks find_peaks find_peaks find_peaks find_peaks find_peaks find_peaks find_peaks find_peaks find_peaks find_peaks find_peaks find_peaks find_peaks find_peaks find_peaks find_peaks find_peaks find_peaks find_peaks find_peaks find_peaks find_peaks find_peaks find_peaks find_peaks find_peaks extremum extremum extremum extremum extremum extremum extremum extremum extremum extremum extremum extremum extremum extremum extremum extremum extremum extremum extremum extremum extremum extremum extremum extremum extremum extremum extremum extremum extremum extremum extremum extremum extremum extremum extremum extremum extremum extremum extremum extremum extremum extremum extremum extremum extremum extremum extremum extremum extremum extremum extremum extremum extremum extremum extremum extremum extremum extremum extremum extremum extremum extremum extremum extremum find_peaks find_peaks find_peaks find_peaks find_peaks find_peaks find_peaks find_peaks extremum extremum find_peaks find_peaks find_peaks find_peaks find_peaks find_peaks find_peaks extremum extremum extremum extremum find_peaks find_peaks extremum extremum find_peaks find_peaks extremum extremum extremum extremum extremum find_peaks find_peaks find_peaks find_peaks find_peaks find_peaks find_peaks find_peaks find_peaks find_peaks

